#SPRITE 10
W_LEFT_RUN 8
0	626	115 62 89 
1	25 223 64 92 
2	147 222 65 88 
3	264 223 75 90
4	383 223 66 89
5	508 222 62 94
6	629 217 66 93
7	27 333 97 36
W_Right_RUN 8
0	640	115 60 91 
1	27 224 68 92 
2	150 224 65 88 
3	264 224 75 89
4	396 224 64 88
5	517 222 61 94
6	633 222 65 94
7	27 333 70 86
W_LEFT_GUN 3
0	126	326 91 92 
1	273 322 64 97 
2	387 326 73 91 
W_RIGHT_GUN 3
0	142	328 91 92 
1	264 328 65 92 
2	384 329 73 91 
M_Right_RUN 10
0	91	2 57 92 
1	159 2 64 93 
2	234 2 66 92 
3	304 2 72 88
4	383 2 72 90
5	468 2 62 88
6	542 2 63 91
7	614 2 68 88
8	4 102 66 80
9	85 105 63 79
W_LEFT_JUMP 9
0	273	7 61 93 
1	388 7 60 93 
2	509 7 62 93 
3	629 7 62 93
4	27 116 60 90
5	147 116 61 91
6	268 116 61 90
7	389 115 61 90
8	510 114 60 92
W_RIGHT_JUMP 9
0 267 7 64 92
1 388 8 67 90
2 512 7 65 90
3 633 7 63 80
4 32 116 61 87
5 152 116 60 90
6 273 116 61 88
7 392 115 62 91
8 515 116 61 89
M_Right_STAND 1
0 0 0 70 94
F_BULLET 7
0 225 142 32 37
1 190 142 33 41
2 155 142 33 45
3 119 142 34 45
4 82 142 35 42
5 43 142 37 42
6 1 142 40 40
C_BULET 5
0 253 62 10 10
1 238 62 13 12
2 219 62 17 18
3 174 62 19 19
4 195 62 22 21


